2 3 4 5 1 7 6 8 9 12 11 10
3 4 5 1 7 6 8 9 12 11 10 2
1 5 4 3 7 6 8 9 12 11 10 2
5 4 3 7 6 8 9 12 11 10 2 1
4 3 7 6 8 9 12 11 10 2 1 5
6 7 3 4 8 9 12 11 10 2 1 5
5 6 7 3 4 8 9 12 11 10 2 1
3 7 6 5 4 8 9 12 11 10 2 1
7 6 5 4 8 9 12 11 10 2 1 3
4 5 6 7 8 9 12 11 10 2 1 3
5 6 7 8 9 12 11 10 2 1 3 4
6 7 8 9 12 11 10 2 1 3 4 5
7 8 9 12 11 10 2 1 3 4 5 6
8 9 12 11 10 2 1 3 4 5 6 7
9 12 11 10 2 1 3 4 5 6 7 8
12 11 10 2 1 3 4 5 6 7 8 9
11 10 2 1 3 4 5 6 7 8 9 12
1 2 10 11 3 4 5 6 7 8 9 12
12 1 2 10 11 3 4 5 6 7 8 9
10 2 1 12 11 3 4 5 6 7 8 9
2 1 12 11 3 4 5 6 7 8 9 10
11 12 1 2 3 4 5 6 7 8 9 10
12 1 2 3 4 5 6 7 8 9 10 11
1 2 3 4 5 6 7 8 9 10 11 12
